
V_4_bits = [0.999 0.001]*([0.999 0.001;0.05 0.95]^3)
V_muitos_bits = [0.999 0.001]*([0.999 0.001;0.05 0.95]^10000000)
